20474
6423
Data output
<spacy.tokens._serialize.DocBin object at 0x000001340424E700>

=================================== train ===================================
Running command: 'c:\users\mij\anaconda3\python.exe' -m spacy train configs/nel.cfg --output training --paths.train corpus/train.spacy --paths.dev corpus/dev.spacy --paths.kb temp/my_kb --paths.base_nlp temp/my_nlp -c scripts/custom_functions.py
ℹ Saving to output directory: training
ℹ Using CPU

=========================== Initializing pipeline ===========================
[2022-02-08 16:01:56,776] [INFO] Set up nlp object from config
[2022-02-08 16:01:56,784] [INFO] Pipeline: ['sentencizer', 'entity_ruler', 'ner', 'entity_linker']
[2022-02-08 16:01:56,784] [INFO] Resuming training for: ['entity_ruler']
[2022-02-08 16:01:56,789] [INFO] Created vocabulary
[2022-02-08 16:01:58,554] [INFO] Added vectors: temp/my_nlp
[2022-02-08 16:02:00,655] [INFO] Finished initializing nlp object
[2022-02-08 16:02:11,397] [INFO] Initialized pipeline components: ['entity_linker']
✔ Initialized pipeline

============================= Training pipeline =============================
ℹ Pipeline: ['sentencizer', 'entity_ruler', 'ner', 'entity_linker']
ℹ Frozen components: ['sentencizer', 'ner']
ℹ Initial learn rate: 0.001
E    #       LOSS ENTIT...  SENTS_F  SENTS_P  SENTS_R  ENTS_F  ENTS_P  ENTS_R  NEL_MICRO_F  NEL_MICRO_R  NEL_MICRO_P  SCORE
---  ------  -------------  -------  -------  -------  ------  ------  ------  -----------  -----------  -----------  ------
  0       0           0.99    23.66    16.09    44.70    0.00    0.00    0.00        93.33        93.33        93.33    0.39
  0     200         127.94    23.66    16.09    44.70    0.00    0.00    0.00        93.33        93.33        93.33    0.39
  0     400         123.26    23.66    16.09    44.70    0.00    0.00    0.00        93.33        93.33        93.33    0.39
  0     600         123.55    23.66    16.09    44.70    0.00    0.00    0.00        93.33        93.33        93.33    0.39
  0     800         125.65    23.66    16.09    44.70    0.00    0.00    0.00        93.33        93.33        93.33    0.39
  0    1000         135.31    23.66    16.09    44.70    0.00    0.00    0.00        93.33        93.33        93.33    0.39
  0    1200         129.05    23.66    16.09    44.70    0.00    0.00    0.00        93.33        93.33        93.33    0.39
  0    1400         132.77    23.66    16.09    44.70    0.00    0.00    0.00        93.33        93.33        93.33    0.39
  0    1600         129.49    23.66    16.09    44.70    0.00    0.00    0.00        93.33        93.33        93.33    0.39
  0    1800         131.28    23.66    16.09    44.70    0.00    0.00    0.00        93.33        93.33        93.33    0.39
  0    2000         123.19    23.66    16.09    44.70    0.00    0.00    0.00        93.33        93.33        93.33    0.39
  0    2200         120.45    23.66    16.09    44.70    0.00    0.00    0.00        93.33        93.33        93.33    0.39
  0    2400         116.08    23.66    16.09    44.70    0.00    0.00    0.00        93.33        93.33        93.33    0.39
  0    2600         117.58    23.66    16.09    44.70    0.00    0.00    0.00        93.33        93.33        93.33    0.39
  1    2800         109.67    23.66    16.09    44.70    0.00    0.00    0.00        93.33        93.33        93.33    0.39
  1    3000         107.27    23.66    16.09    44.70    0.00    0.00    0.00        93.33        93.33        93.33    0.39
  1    3200         105.99    23.66    16.09    44.70    0.00    0.00    0.00        93.33        93.33        93.33    0.39
  1    3400         102.13    23.66    16.09    44.70    0.00    0.00    0.00        93.33        93.33        93.33    0.39
  1    3600         103.86    23.66    16.09    44.70    0.00    0.00    0.00        93.33        93.33        93.33    0.39
  2    3800         100.53    23.66    16.09    44.70    0.00    0.00    0.00        93.33        93.33        93.33    0.39
  2    4000          93.74    23.66    16.09    44.70    0.00    0.00    0.00        93.33        93.33        93.33    0.39
  2    4200          95.10    23.66    16.09    44.70    0.00    0.00    0.00        93.33        93.33        93.33    0.39
  2    4400          95.91    23.66    16.09    44.70    0.00    0.00    0.00        93.33        93.33        93.33    0.39
  2    4600          93.39    23.66    16.09    44.70    0.00    0.00    0.00        93.33        93.33        93.33    0.39
  2    4800          93.18    23.66    16.09    44.70    0.00    0.00    0.00        93.33        93.33        93.33    0.39
  3    5000          92.01    23.66    16.09    44.70    0.00    0.00    0.00        93.33        93.33        93.33    0.39
  3    5200          89.96    23.66    16.09    44.70    0.00    0.00    0.00        93.33        93.33        93.33    0.39
  3    5400          90.54    23.66    16.09    44.70    0.00    0.00    0.00        93.33        93.33        93.33    0.39
  3    5600          91.74    23.66    16.09    44.70    0.00    0.00    0.00        93.33        93.33        93.33    0.39
  3    5800          89.54    23.66    16.09    44.70    0.00    0.00    0.00        93.33        93.33        93.33    0.39
  3    6000          92.23    23.66    16.09    44.70    0.00    0.00    0.00        93.33        93.33        93.33    0.39
  4    6200          82.39    23.66    16.09    44.70    0.00    0.00    0.00        93.33        93.33        93.33    0.39
  4    6400          83.88    23.66    16.09    44.70    0.00    0.00    0.00        93.33        93.33        93.33    0.39
  4    6600          85.42    23.66    16.09    44.70    0.00    0.00    0.00        93.33        93.33        93.33    0.39
  4    6800          86.18    23.66    16.09    44.70    0.00    0.00    0.00        93.33        93.33        93.33    0.39
  4    7000          87.52    23.66    16.09    44.70    0.00    0.00    0.00        93.33        93.33        93.33    0.39
  5    7200          86.04    23.66    16.09    44.70    0.00    0.00    0.00        93.33        93.33        93.33    0.39
  5    7400          83.30    23.66    16.09    44.70    0.00    0.00    0.00        93.33        93.33        93.33    0.39
  5    7600          83.48    23.66    16.09    44.70    0.00    0.00    0.00        93.33        93.33        93.33    0.39
  5    7800          81.21    23.66    16.09    44.70    0.00    0.00    0.00        93.33        93.33        93.33    0.39
  5    8000          82.51    23.66    16.09    44.70    0.00    0.00    0.00        93.33        93.33        93.33    0.39
  5    8200          79.46    23.66    16.09    44.70    0.00    0.00    0.00        93.33        93.33        93.33    0.39
  6    8400          79.98    23.66    16.09    44.70    0.00    0.00    0.00        93.33        93.33        93.33    0.39
  6    8600          80.56    23.66    16.09    44.70    0.00    0.00    0.00        93.33        93.33        93.33    0.39
  6    8800          80.16    23.66    16.09    44.70    0.00    0.00    0.00        93.33        93.33        93.33    0.39
  6    9000          74.44    23.66    16.09    44.70    0.00    0.00    0.00        93.33        93.33        93.33    0.39
  6    9200          78.54    23.66    16.09    44.70    0.00    0.00    0.00        93.33        93.33        93.33    0.39
  6    9400          80.95    23.66    16.09    44.70    0.00    0.00    0.00        93.33        93.33        93.33    0.39
  7    9600          76.12    23.66    16.09    44.70    0.00    0.00    0.00        93.33        93.33        93.33    0.39
  7    9800          74.23    23.66    16.09    44.70    0.00    0.00    0.00        93.33        93.33        93.33    0.39
  7   10000          73.23    23.66    16.09    44.70    0.00    0.00    0.00        93.33        93.33        93.33    0.39
✔ Saved pipeline to output directory
training\model-last

================================== evaluate ==================================
Running command: 'c:\users\mij\anaconda3\python.exe' ./scripts/evaluate.py ./training/model-best/ corpus/dev.spacy

RESULTS ON THE DEV SET:
Number of items: 6423

RUNNING THE PIPELINE ON UNSEEN TEXT:
Kyffin Williams was a painter.
Kyffin Williams PERSON Q6450928

Right: 4734
Wrong: 0
Passed: 0
Average of 73.70387669313405%