21193
6617
Data output
<spacy.tokens._serialize.DocBin object at 0x00000211E34FB1F0>

=================================== train ===================================
Running command: 'c:\users\mij\anaconda3\python.exe' -m spacy train configs/nel.cfg --output training --paths.train corpus/train.spacy --paths.dev corpus/dev.spacy --paths.kb temp/my_kb --paths.base_nlp temp/my_nlp -c scripts/custom_functions.py
ℹ Saving to output directory: training
ℹ Using CPU

=========================== Initializing pipeline ===========================
[2022-02-08 19:21:40,540] [INFO] Set up nlp object from config
[2022-02-08 19:21:40,548] [INFO] Pipeline: ['sentencizer', 'entity_ruler', 'ner', 'entity_linker']
[2022-02-08 19:21:40,548] [INFO] Resuming training for: ['entity_ruler']
[2022-02-08 19:21:40,554] [INFO] Created vocabulary
[2022-02-08 19:21:42,314] [INFO] Added vectors: temp/my_nlp
[2022-02-08 19:21:44,343] [INFO] Finished initializing nlp object
[2022-02-08 19:21:55,517] [INFO] Initialized pipeline components: ['entity_linker']
✔ Initialized pipeline

============================= Training pipeline =============================
ℹ Pipeline: ['sentencizer', 'entity_ruler', 'ner', 'entity_linker']
ℹ Frozen components: ['sentencizer', 'ner']
ℹ Initial learn rate: 0.001
E    #       LOSS ENTIT...  SENTS_F  SENTS_P  SENTS_R  ENTS_F  ENTS_P  ENTS_R  NEL_MICRO_F  NEL_MICRO_R  NEL_MICRO_P  SCORE
---  ------  -------------  -------  -------  -------  ------  ------  ------  -----------  -----------  -----------  ------
  0       0           1.02    24.31    16.53    45.88    0.00    0.00    0.00        93.46        93.46        93.46    0.39
  0     200         124.60    24.31    16.53    45.88    0.00    0.00    0.00        93.46        93.46        93.46    0.39
  0     400         102.08    24.31    16.53    45.88    0.00    0.00    0.00        93.46        93.46        93.46    0.39
  0     600         105.63    24.31    16.53    45.88    0.00    0.00    0.00        93.46        93.46        93.46    0.39
  0     800         112.22    24.31    16.53    45.88    0.00    0.00    0.00        93.46        93.46        93.46    0.39
  0    1000         115.51    24.31    16.53    45.88    0.00    0.00    0.00        93.46        93.46        93.46    0.39
  0    1200         119.35    24.31    16.53    45.88    0.00    0.00    0.00        93.46        93.46        93.46    0.39
  0    1400         123.59    24.31    16.53    45.88    0.00    0.00    0.00        93.46        93.46        93.46    0.39
  0    1600         127.32    24.31    16.53    45.88    0.00    0.00    0.00        93.46        93.46        93.46    0.39
  0    1800         131.45    24.31    16.53    45.88    0.00    0.00    0.00        93.46        93.46        93.46    0.39
  0    2000         133.56    24.31    16.53    45.88    0.00    0.00    0.00        93.46        93.46        93.46    0.39
  0    2200         129.19    24.31    16.53    45.88    0.00    0.00    0.00        93.46        93.46        93.46    0.39
  0    2400         124.95    24.31    16.53    45.88    0.00    0.00    0.00        93.46        93.46        93.46    0.39
  0    2600         125.63    24.31    16.53    45.88    0.00    0.00    0.00        93.46        93.46        93.46    0.39
  0    2800         119.12    24.31    16.53    45.88    0.00    0.00    0.00        93.46        93.46        93.46    0.39
  0    3000         114.60    24.31    16.53    45.88    0.00    0.00    0.00        93.46        93.46        93.46    0.39
  1    3200         112.32    24.31    16.53    45.88    0.00    0.00    0.00        93.46        93.46        93.46    0.39
  1    3400         111.40    24.31    16.53    45.88    0.00    0.00    0.00        93.46        93.46        93.46    0.39
  1    3600         106.63    24.31    16.53    45.88    0.00    0.00    0.00        93.46        93.46        93.46    0.39
  1    3800         105.98    24.31    16.53    45.88    0.00    0.00    0.00        93.46        93.46        93.46    0.39
  1    4000         107.59    24.31    16.53    45.88    0.00    0.00    0.00        93.46        93.46        93.46    0.39
  1    4200         105.28    24.31    16.53    45.88    0.00    0.00    0.00        93.46        93.46        93.46    0.39
  1    4400         102.61    24.31    16.53    45.88    0.00    0.00    0.00        93.46        93.46        93.46    0.39
  1    4600         102.04    24.31    16.53    45.88    0.00    0.00    0.00        93.46        93.46        93.46    0.39
  2    4800         100.76    24.31    16.53    45.88    0.00    0.00    0.00        93.46        93.46        93.46    0.39
  2    5000          95.50    24.31    16.53    45.88    0.00    0.00    0.00        93.46        93.46        93.46    0.39
  2    5200         100.56    24.31    16.53    45.88    0.00    0.00    0.00        93.46        93.46        93.46    0.39
  2    5400          95.32    24.31    16.53    45.88    0.00    0.00    0.00        93.46        93.46        93.46    0.39
  2    5600          97.95    24.31    16.53    45.88    0.00    0.00    0.00        93.46        93.46        93.46    0.39
  2    5800          98.09    24.31    16.53    45.88    0.00    0.00    0.00        93.46        93.46        93.46    0.39
  2    6000          94.30    24.31    16.53    45.88    0.00    0.00    0.00        93.46        93.46        93.46    0.39
  2    6200          99.32    24.31    16.53    45.88    0.00    0.00    0.00        93.46        93.46        93.46    0.39
  2    6400         100.10    24.31    16.53    45.88    0.00    0.00    0.00        93.46        93.46        93.46    0.39
  3    6600          88.43    24.31    16.53    45.88    0.00    0.00    0.00        93.46        93.46        93.46    0.39
  3    6800          91.03    24.31    16.53    45.88    0.00    0.00    0.00        93.46        93.46        93.46    0.39
  3    7000          94.26    24.31    16.53    45.88    0.00    0.00    0.00        93.46        93.46        93.46    0.39
  3    7200          89.89    24.31    16.53    45.88    0.00    0.00    0.00        93.46        93.46        93.46    0.39
  3    7400          90.99    24.31    16.53    45.88    0.00    0.00    0.00        93.46        93.46        93.46    0.39
  3    7600          94.89    24.31    16.53    45.88    0.00    0.00    0.00        93.46        93.46        93.46    0.39
  3    7800          89.87    24.31    16.53    45.88    0.00    0.00    0.00        93.46        93.46        93.46    0.39
  3    8000          92.80    24.31    16.53    45.88    0.00    0.00    0.00        93.46        93.46        93.46    0.39
  4    8200          89.18    24.31    16.53    45.88    0.00    0.00    0.00        93.46        93.46        93.46    0.39
  4    8400          86.16    24.31    16.53    45.88    0.00    0.00    0.00        93.46        93.46        93.46    0.39
  4    8600          86.47    24.31    16.53    45.88    0.00    0.00    0.00        93.46        93.46        93.46    0.39
  4    8800          86.80    24.31    16.53    45.88    0.00    0.00    0.00        93.46        93.46        93.46    0.39
  4    9000          89.03    24.31    16.53    45.88    0.00    0.00    0.00        93.46        93.46        93.46    0.39
  4    9200          89.45    24.31    16.53    45.88    0.00    0.00    0.00        93.46        93.46        93.46    0.39
  4    9400          87.40    24.31    16.53    45.88    0.00    0.00    0.00        93.46        93.46        93.46    0.39
  4    9600          87.96    24.31    16.53    45.88    0.00    0.00    0.00        93.46        93.46        93.46    0.39
  5    9800          82.82    24.31    16.53    45.88    0.00    0.00    0.00        93.46        93.46        93.46    0.39
  5   10000          81.87    24.31    16.53    45.88    0.00    0.00    0.00        93.46        93.46        93.46    0.39
✔ Saved pipeline to output directory
training\model-last

================================== evaluate ==================================
Running command: 'c:\users\mij\anaconda3\python.exe' ./scripts/evaluate.py ./training/model-best/ corpus/dev.spacy

RESULTS ON THE DEV SET:
Number of items: 6617

RUNNING THE PIPELINE ON UNSEEN TEXT:
Kyffin Williams was a painter.
Kyffin Williams PERSON Q6450928

Right: 5426
Wrong: 0
Passed: 0
Average of 82.00090675532718%