15481
11930
Data output
<spacy.tokens._serialize.DocBin object at 0x00000194DAD8E2B0>

=================================== train ===================================
Running command: 'c:\users\mij\anaconda3\python.exe' -m spacy train configs/nel.cfg --output training --paths.train corpus/train.spacy --paths.dev corpus/dev.spacy --paths.kb temp/my_kb --paths.base_nlp temp/my_nlp -c scripts/custom_functions.py
ℹ Saving to output directory: training
ℹ Using CPU

=========================== Initializing pipeline ===========================
[2022-02-07 10:22:15,204] [INFO] Set up nlp object from config
[2022-02-07 10:22:15,212] [INFO] Pipeline: ['sentencizer', 'entity_ruler', 'ner', 'entity_linker']
[2022-02-07 10:22:15,212] [INFO] Resuming training for: ['entity_ruler']
[2022-02-07 10:22:15,217] [INFO] Created vocabulary
[2022-02-07 10:22:16,990] [INFO] Added vectors: temp/my_nlp
[2022-02-07 10:22:18,943] [INFO] Finished initializing nlp object
[2022-02-07 10:22:28,327] [INFO] Initialized pipeline components: ['entity_linker']
✔ Initialized pipeline

============================= Training pipeline =============================
ℹ Pipeline: ['sentencizer', 'entity_ruler', 'ner', 'entity_linker']
ℹ Frozen components: ['sentencizer', 'ner']
ℹ Initial learn rate: 0.001
E    #       LOSS ENTIT...  SENTS_F  SENTS_P  SENTS_R  ENTS_F  ENTS_P  ENTS_R  NEL_MICRO_F  NEL_MICRO_R  NEL_MICRO_P  SCORE
---  ------  -------------  -------  -------  -------  ------  ------  ------  -----------  -----------  -----------  ------
  0       0           1.08    23.68    16.11    44.64    0.00    0.00    0.00        93.56        93.56        93.56    0.39
  0     200         119.83    23.68    16.11    44.64    0.00    0.00    0.00        93.56        93.56        93.56    0.39
  0     400         102.06    23.68    16.11    44.64    0.00    0.00    0.00        93.56        93.56        93.56    0.39
  0     600         112.96    23.68    16.11    44.64    0.00    0.00    0.00        93.56        93.56        93.56    0.39
  0     800         105.55    23.68    16.11    44.64    0.00    0.00    0.00        93.56        93.56        93.56    0.39
  0    1000         119.66    23.68    16.11    44.64    0.00    0.00    0.00        93.56        93.56        93.56    0.39
  0    1200         121.68    23.68    16.11    44.64    0.00    0.00    0.00        93.56        93.56        93.56    0.39
  0    1400         128.29    23.68    16.11    44.64    0.00    0.00    0.00        93.56        93.56        93.56    0.39
  0    1600         131.07    23.68    16.11    44.64    0.00    0.00    0.00        93.56        93.56        93.56    0.39
  0    1800         131.18    23.68    16.11    44.64    0.00    0.00    0.00        93.56        93.56        93.56    0.39
  0    2000         131.92    23.68    16.11    44.64    0.00    0.00    0.00        93.56        93.56        93.56    0.39
  0    2200         132.00    23.68    16.11    44.64    0.00    0.00    0.00        93.56        93.56        93.56    0.39
  0    2400         122.96    23.68    16.11    44.64    0.00    0.00    0.00        93.56        93.56        93.56    0.39
  0    2600         119.69    23.68    16.11    44.64    0.00    0.00    0.00        93.56        93.56        93.56    0.39
  1    2800         114.47    23.68    16.11    44.64    0.00    0.00    0.00        93.56        93.56        93.56    0.39
  1    3000         110.80    23.68    16.11    44.64    0.00    0.00    0.00        93.56        93.56        93.56    0.39
  1    3200         111.53    23.68    16.11    44.64    0.00    0.00    0.00        93.56        93.56        93.56    0.39
  1    3400         111.15    23.68    16.11    44.64    0.00    0.00    0.00        93.56        93.56        93.56    0.39
  1    3600         108.70    23.68    16.11    44.64    0.00    0.00    0.00        93.56        93.56        93.56    0.39
  1    3800         105.42    23.68    16.11    44.64    0.00    0.00    0.00        93.56        93.56        93.56    0.39
  2    4000         109.40    23.68    16.11    44.64    0.00    0.00    0.00        93.56        93.56        93.56    0.39
  2    4200         101.33    23.68    16.11    44.64    0.00    0.00    0.00        93.56        93.56        93.56    0.39
  2    4400          98.80    23.68    16.11    44.64    0.00    0.00    0.00        93.56        93.56        93.56    0.39
  2    4600         103.17    23.68    16.11    44.64    0.00    0.00    0.00        93.56        93.56        93.56    0.39
  2    4800          99.27    23.68    16.11    44.64    0.00    0.00    0.00        93.56        93.56        93.56    0.39
  2    5000          98.53    23.68    16.11    44.64    0.00    0.00    0.00        93.56        93.56        93.56    0.39
  3    5200          97.62    23.68    16.11    44.64    0.00    0.00    0.00        93.56        93.56        93.56    0.39
  3    5400          91.56    23.68    16.11    44.64    0.00    0.00    0.00        93.56        93.56        93.56    0.39
  3    5600          95.53    23.68    16.11    44.64    0.00    0.00    0.00        93.56        93.56        93.56    0.39
  3    5800          94.65    23.68    16.11    44.64    0.00    0.00    0.00        93.56        93.56        93.56    0.39
  3    6000          94.38    23.68    16.11    44.64    0.00    0.00    0.00        93.56        93.56        93.56    0.39
  3    6200          96.93    23.68    16.11    44.64    0.00    0.00    0.00        93.56        93.56        93.56    0.39
  4    6400          91.19    23.68    16.11    44.64    0.00    0.00    0.00        93.56        93.56        93.56    0.39
  4    6600          88.20    23.68    16.11    44.64    0.00    0.00    0.00        93.56        93.56        93.56    0.39
  4    6800          90.11    23.68    16.11    44.64    0.00    0.00    0.00        93.56        93.56        93.56    0.39
  4    7000          89.67    23.68    16.11    44.64    0.00    0.00    0.00        93.56        93.56        93.56    0.39
  4    7200          90.65    23.68    16.11    44.64    0.00    0.00    0.00        93.56        93.56        93.56    0.39
  4    7400          84.99    23.68    16.11    44.64    0.00    0.00    0.00        93.56        93.56        93.56    0.39
  5    7600          91.38    23.68    16.11    44.64    0.00    0.00    0.00        93.56        93.56        93.56    0.39
  5    7800          84.39    23.68    16.11    44.64    0.00    0.00    0.00        93.56        93.56        93.56    0.39
  5    8000          83.93    23.68    16.11    44.64    0.00    0.00    0.00        93.56        93.56        93.56    0.39
  5    8200          87.66    23.68    16.11    44.64    0.00    0.00    0.00        93.56        93.56        93.56    0.39
  5    8400          84.04    23.68    16.11    44.64    0.00    0.00    0.00        93.56        93.56        93.56    0.39
  5    8600          87.85    23.68    16.11    44.64    0.00    0.00    0.00        93.56        93.56        93.56    0.39
  5    8800          84.56    23.68    16.11    44.64    0.00    0.00    0.00        93.56        93.56        93.56    0.39
  6    9000          80.34    23.68    16.11    44.64    0.00    0.00    0.00        93.56        93.56        93.56    0.39
  6    9200          84.29    23.68    16.11    44.64    0.00    0.00    0.00        93.56        93.56        93.56    0.39
  6    9400          79.38    23.68    16.11    44.64    0.00    0.00    0.00        93.56        93.56        93.56    0.39
  6    9600          80.66    23.68    16.11    44.64    0.00    0.00    0.00        93.56        93.56        93.56    0.39
  6    9800          82.48    23.68    16.11    44.64    0.00    0.00    0.00        93.56        93.56        93.56    0.39
  6   10000          83.20    23.68    16.11    44.64    0.00    0.00    0.00        93.56        93.56        93.56    0.39
✔ Saved pipeline to output directory
training\model-last

================================== evaluate ==================================
Running command: 'c:\users\mij\anaconda3\python.exe' ./scripts/evaluate.py ./training/model-best/ corpus/dev.spacy

RESULTS ON THE DEV SET:
Number of items: 11930

RUNNING THE PIPELINE ON UNSEEN TEXT:
Kyffin Williams was a painter.
Kyffin Williams PERSON Q6450928

Right: 9560
Wrong: 0
Passed: 0
Average of 80.13411567476949%