18029
9382
Data output
<spacy.tokens._serialize.DocBin object at 0x0000028E4B73E2B0>

=================================== train ===================================
Running command: 'c:\users\mij\anaconda3\python.exe' -m spacy train configs/nel.cfg --output training --paths.train corpus/train.spacy --paths.dev corpus/dev.spacy --paths.kb temp/my_kb --paths.base_nlp temp/my_nlp -c scripts/custom_functions.py
ℹ Saving to output directory: training
ℹ Using CPU

=========================== Initializing pipeline ===========================
[2022-02-07 15:31:27,607] [INFO] Set up nlp object from config
[2022-02-07 15:31:27,616] [INFO] Pipeline: ['sentencizer', 'entity_ruler', 'ner', 'entity_linker']
[2022-02-07 15:31:27,616] [INFO] Resuming training for: ['entity_ruler']
[2022-02-07 15:31:27,621] [INFO] Created vocabulary
[2022-02-07 15:31:29,536] [INFO] Added vectors: temp/my_nlp
[2022-02-07 15:31:34,933] [INFO] Finished initializing nlp object
[2022-02-07 15:31:45,885] [INFO] Initialized pipeline components: ['entity_linker']
✔ Initialized pipeline

============================= Training pipeline =============================
ℹ Pipeline: ['sentencizer', 'entity_ruler', 'ner', 'entity_linker']
ℹ Frozen components: ['sentencizer', 'ner']
ℹ Initial learn rate: 0.001
E    #       LOSS ENTIT...  SENTS_F  SENTS_P  SENTS_R  ENTS_F  ENTS_P  ENTS_R  NEL_MICRO_F  NEL_MICRO_R  NEL_MICRO_P  SCORE
---  ------  -------------  -------  -------  -------  ------  ------  ------  -----------  -----------  -----------  ------
  0       0           1.00    23.92    16.31    44.88    0.00    0.00    0.00        93.58        93.58        93.58    0.39
  0     200         109.24    23.92    16.31    44.88    0.00    0.00    0.00        93.58        93.58        93.58    0.39
  0     400          97.57    23.92    16.31    44.88    0.00    0.00    0.00        93.58        93.58        93.58    0.39
  0     600         107.87    23.92    16.31    44.88    0.00    0.00    0.00        93.58        93.58        93.58    0.39
  0     800         105.81    23.92    16.31    44.88    0.00    0.00    0.00        93.58        93.58        93.58    0.39
  0    1000         114.02    23.92    16.31    44.88    0.00    0.00    0.00        93.58        93.58        93.58    0.39
  0    1200         118.35    23.92    16.31    44.88    0.00    0.00    0.00        93.58        93.58        93.58    0.39
  0    1400         123.17    23.92    16.31    44.88    0.00    0.00    0.00        93.58        93.58        93.58    0.39
  0    1600         128.86    23.92    16.31    44.88    0.00    0.00    0.00        93.58        93.58        93.58    0.39
  0    1800         128.98    23.92    16.31    44.88    0.00    0.00    0.00        93.58        93.58        93.58    0.39
  0    2000         125.58    23.92    16.31    44.88    0.00    0.00    0.00        93.58        93.58        93.58    0.39
  0    2200         132.08    23.92    16.31    44.88    0.00    0.00    0.00        93.58        93.58        93.58    0.39
  0    2400         123.18    23.92    16.31    44.88    0.00    0.00    0.00        93.58        93.58        93.58    0.39
  0    2600         117.94    23.92    16.31    44.88    0.00    0.00    0.00        93.58        93.58        93.58    0.39
  0    2800         119.36    23.92    16.31    44.88    0.00    0.00    0.00        93.58        93.58        93.58    0.39
  1    3000         113.81    23.92    16.31    44.88    0.00    0.00    0.00        93.58        93.58        93.58    0.39
  1    3200         111.04    23.92    16.31    44.88    0.00    0.00    0.00        93.58        93.58        93.58    0.39
  1    3400         109.63    23.92    16.31    44.88    0.00    0.00    0.00        93.58        93.58        93.58    0.39
  1    3600         108.74    23.92    16.31    44.88    0.00    0.00    0.00        93.58        93.58        93.58    0.39
  1    3800         109.32    23.92    16.31    44.88    0.00    0.00    0.00        93.58        93.58        93.58    0.39
  1    4000         103.92    23.92    16.31    44.88    0.00    0.00    0.00        93.58        93.58        93.58    0.39
  1    4200         103.92    23.92    16.31    44.88    0.00    0.00    0.00        93.58        93.58        93.58    0.39
  2    4400         102.31    23.92    16.31    44.88    0.00    0.00    0.00        93.58        93.58        93.58    0.39
  2    4600          99.24    23.92    16.31    44.88    0.00    0.00    0.00        93.58        93.58        93.58    0.39
  2    4800          98.62    23.92    16.31    44.88    0.00    0.00    0.00        93.58        93.58        93.58    0.39
  2    5000          98.34    23.92    16.31    44.88    0.00    0.00    0.00        93.58        93.58        93.58    0.39
  2    5200          97.90    23.92    16.31    44.88    0.00    0.00    0.00        93.58        93.58        93.58    0.39
  2    5400          97.60    23.92    16.31    44.88    0.00    0.00    0.00        93.58        93.58        93.58    0.39
  2    5600          99.71    23.92    16.31    44.88    0.00    0.00    0.00        93.58        93.58        93.58    0.39
  3    5800          95.78    23.92    16.31    44.88    0.00    0.00    0.00        93.58        93.58        93.58    0.39
  3    6000          89.87    23.92    16.31    44.88    0.00    0.00    0.00        93.58        93.58        93.58    0.39
  3    6200          92.50    23.92    16.31    44.88    0.00    0.00    0.00        93.58        93.58        93.58    0.39
  3    6400          87.22    23.92    16.31    44.88    0.00    0.00    0.00        93.58        93.58        93.58    0.39
  3    6600          95.68    23.92    16.31    44.88    0.00    0.00    0.00        93.58        93.58        93.58    0.39
  3    6800          90.54    23.92    16.31    44.88    0.00    0.00    0.00        93.58        93.58        93.58    0.39
  3    7000          95.67    23.92    16.31    44.88    0.00    0.00    0.00        93.58        93.58        93.58    0.39
  4    7200          92.09    23.92    16.31    44.88    0.00    0.00    0.00        93.58        93.58        93.58    0.39
  4    7400          87.46    23.92    16.31    44.88    0.00    0.00    0.00        93.58        93.58        93.58    0.39
  4    7600          87.82    23.92    16.31    44.88    0.00    0.00    0.00        93.58        93.58        93.58    0.39
  4    7800          87.70    23.92    16.31    44.88    0.00    0.00    0.00        93.58        93.58        93.58    0.39
  4    8000          86.76    23.92    16.31    44.88    0.00    0.00    0.00        93.58        93.58        93.58    0.39
  4    8200          87.77    23.92    16.31    44.88    0.00    0.00    0.00        93.58        93.58        93.58    0.39
  4    8400          87.25    23.92    16.31    44.88    0.00    0.00    0.00        93.58        93.58        93.58    0.39
  5    8600          84.79    23.92    16.31    44.88    0.00    0.00    0.00        93.58        93.58        93.58    0.39
  5    8800          83.26    23.92    16.31    44.88    0.00    0.00    0.00        93.58        93.58        93.58    0.39
  5    9000          84.68    23.92    16.31    44.88    0.00    0.00    0.00        93.58        93.58        93.58    0.39
  5    9200          84.34    23.92    16.31    44.88    0.00    0.00    0.00        93.58        93.58        93.58    0.39
  5    9400          82.75    23.92    16.31    44.88    0.00    0.00    0.00        93.58        93.58        93.58    0.39
  5    9600          82.96    23.92    16.31    44.88    0.00    0.00    0.00        93.58        93.58        93.58    0.39
  5    9800          86.66    23.92    16.31    44.88    0.00    0.00    0.00        93.58        93.58        93.58    0.39
  6   10000          85.57    23.92    16.31    44.88    0.00    0.00    0.00        93.58        93.58        93.58    0.39
✔ Saved pipeline to output directory
training\model-last

================================== evaluate ==================================
Running command: 'c:\users\mij\anaconda3\python.exe' ./scripts/evaluate.py ./training/model-best/ corpus/dev.spacy

RESULTS ON THE DEV SET:
Number of items: 9382

RUNNING THE PIPELINE ON UNSEEN TEXT:
Kyffin Williams was a painter.
Kyffin Williams PERSON Q6450928

Right: 7546
Wrong: 0
Passed: 0
Average of 80.43061180984866%