23298
4113
Data output
<spacy.tokens._serialize.DocBin object at 0x00000205F5D0E2B0>

=================================== train ===================================
Running command: 'c:\users\mij\anaconda3\python.exe' -m spacy train configs/nel.cfg --output training --paths.train corpus/train.spacy --paths.dev corpus/dev.spacy --paths.kb temp/my_kb --paths.base_nlp temp/my_nlp -c scripts/custom_functions.py
ℹ Saving to output directory: training
ℹ Using CPU

=========================== Initializing pipeline ===========================
[2022-02-08 09:06:07,472] [INFO] Set up nlp object from config
[2022-02-08 09:06:07,480] [INFO] Pipeline: ['sentencizer', 'entity_ruler', 'ner', 'entity_linker']
[2022-02-08 09:06:07,480] [INFO] Resuming training for: ['entity_ruler']
[2022-02-08 09:06:07,485] [INFO] Created vocabulary
[2022-02-08 09:06:09,232] [INFO] Added vectors: temp/my_nlp
[2022-02-08 09:06:11,344] [INFO] Finished initializing nlp object
[2022-02-08 09:06:24,150] [INFO] Initialized pipeline components: ['entity_linker']
✔ Initialized pipeline

============================= Training pipeline =============================
ℹ Pipeline: ['sentencizer', 'entity_ruler', 'ner', 'entity_linker']
ℹ Frozen components: ['sentencizer', 'ner']
ℹ Initial learn rate: 0.001
E    #       LOSS ENTIT...  SENTS_F  SENTS_P  SENTS_R  ENTS_F  ENTS_P  ENTS_R  NEL_MICRO_F  NEL_MICRO_R  NEL_MICRO_P  SCORE
---  ------  -------------  -------  -------  -------  ------  ------  ------  -----------  -----------  -----------  ------
  0       0           2.03    26.44    18.28    47.78    0.00    0.00    0.00        93.52        93.52        93.52    0.40
  0     200         117.06    26.44    18.28    47.78    0.00    0.00    0.00        93.52        93.52        93.52    0.40
  0     400         101.85    26.44    18.28    47.78    0.00    0.00    0.00        93.52        93.52        93.52    0.40
  0     600         104.13    26.44    18.28    47.78    0.00    0.00    0.00        93.52        93.52        93.52    0.40
  0     800         110.71    26.44    18.28    47.78    0.00    0.00    0.00        93.52        93.52        93.52    0.40
  0    1000         116.47    26.44    18.28    47.78    0.00    0.00    0.00        93.52        93.52        93.52    0.40
  0    1200         123.24    26.44    18.28    47.78    0.00    0.00    0.00        93.52        93.52        93.52    0.40
  0    1400         123.55    26.44    18.28    47.78    0.00    0.00    0.00        93.52        93.52        93.52    0.40
  0    1600         134.04    26.44    18.28    47.78    0.00    0.00    0.00        93.52        93.52        93.52    0.40
  0    1800         137.23    26.44    18.28    47.78    0.00    0.00    0.00        93.52        93.52        93.52    0.40
  0    2000         132.56    26.44    18.28    47.78    0.00    0.00    0.00        93.52        93.52        93.52    0.40
  0    2200         129.22    26.44    18.28    47.78    0.00    0.00    0.00        93.52        93.52        93.52    0.40
  0    2400         121.65    26.44    18.28    47.78    0.00    0.00    0.00        93.52        93.52        93.52    0.40
  0    2600         124.07    26.44    18.28    47.78    0.00    0.00    0.00        93.52        93.52        93.52    0.40
  0    2800         121.74    26.44    18.28    47.78    0.00    0.00    0.00        93.52        93.52        93.52    0.40
  0    3000         117.03    26.44    18.28    47.78    0.00    0.00    0.00        93.52        93.52        93.52    0.40
  0    3200         114.79    26.44    18.28    47.78    0.00    0.00    0.00        93.52        93.52        93.52    0.40
  1    3400         108.98    26.44    18.28    47.78    0.00    0.00    0.00        93.52        93.52        93.52    0.40
  1    3600         109.20    26.44    18.28    47.78    0.00    0.00    0.00        93.52        93.52        93.52    0.40
  1    3800         107.56    26.44    18.28    47.78    0.00    0.00    0.00        93.52        93.52        93.52    0.40
  1    4000         106.56    26.44    18.28    47.78    0.00    0.00    0.00        93.52        93.52        93.52    0.40
  1    4200         104.42    26.44    18.28    47.78    0.00    0.00    0.00        93.52        93.52        93.52    0.40
  1    4400         105.72    26.44    18.28    47.78    0.00    0.00    0.00        93.52        93.52        93.52    0.40
  1    4600         101.47    26.44    18.28    47.78    0.00    0.00    0.00        93.52        93.52        93.52    0.40
  1    4800         103.94    26.44    18.28    47.78    0.00    0.00    0.00        93.52        93.52        93.52    0.40
  1    5000         101.68    26.44    18.28    47.78    0.00    0.00    0.00        93.52        93.52        93.52    0.40
  2    5200          96.92    26.44    18.28    47.78    0.00    0.00    0.00        93.52        93.52        93.52    0.40
  2    5400          94.00    26.44    18.28    47.78    0.00    0.00    0.00        93.52        93.52        93.52    0.40
  2    5600          96.38    26.44    18.28    47.78    0.00    0.00    0.00        93.52        93.52        93.52    0.40
  2    5800          95.61    26.44    18.28    47.78    0.00    0.00    0.00        93.52        93.52        93.52    0.40
  2    6000          95.02    26.44    18.28    47.78    0.00    0.00    0.00        93.52        93.52        93.52    0.40
  2    6200          96.91    26.44    18.28    47.78    0.00    0.00    0.00        93.52        93.52        93.52    0.40
  2    6400          94.96    26.44    18.28    47.78    0.00    0.00    0.00        93.52        93.52        93.52    0.40
  2    6600         100.03    26.44    18.28    47.78    0.00    0.00    0.00        93.52        93.52        93.52    0.40
  2    6800          96.78    26.44    18.28    47.78    0.00    0.00    0.00        93.52        93.52        93.52    0.40
  3    7000          91.92    26.44    18.28    47.78    0.00    0.00    0.00        93.52        93.52        93.52    0.40
  3    7200          92.26    26.44    18.28    47.78    0.00    0.00    0.00        93.52        93.52        93.52    0.40
  3    7400          86.02    26.44    18.28    47.78    0.00    0.00    0.00        93.52        93.52        93.52    0.40
  3    7600          91.69    26.44    18.28    47.78    0.00    0.00    0.00        93.52        93.52        93.52    0.40
  3    7800          90.02    26.44    18.28    47.78    0.00    0.00    0.00        93.52        93.52        93.52    0.40
  3    8000          92.53    26.44    18.28    47.78    0.00    0.00    0.00        93.52        93.52        93.52    0.40
  3    8200          90.03    26.44    18.28    47.78    0.00    0.00    0.00        93.52        93.52        93.52    0.40
  3    8400          89.52    26.44    18.28    47.78    0.00    0.00    0.00        93.52        93.52        93.52    0.40
  3    8600          91.22    26.44    18.28    47.78    0.00    0.00    0.00        93.52        93.52        93.52    0.40
  4    8800          87.11    26.44    18.28    47.78    0.00    0.00    0.00        93.52        93.52        93.52    0.40
  4    9000          85.40    26.44    18.28    47.78    0.00    0.00    0.00        93.52        93.52        93.52    0.40
  4    9200          87.70    26.44    18.28    47.78    0.00    0.00    0.00        93.52        93.52        93.52    0.40
  4    9400          86.11    26.44    18.28    47.78    0.00    0.00    0.00        93.52        93.52        93.52    0.40
  4    9600          87.95    26.44    18.28    47.78    0.00    0.00    0.00        93.52        93.52        93.52    0.40
  4    9800          89.58    26.44    18.28    47.78    0.00    0.00    0.00        93.52        93.52        93.52    0.40
  4   10000          88.43    26.44    18.28    47.78    0.00    0.00    0.00        93.52        93.52        93.52    0.40
✔ Saved pipeline to output directory
training\model-last

================================== evaluate ==================================
Running command: 'c:\users\mij\anaconda3\python.exe' ./scripts/evaluate.py ./training/model-best/ corpus/dev.spacy

RESULTS ON THE DEV SET:
Number of items: 4113

RUNNING THE PIPELINE ON UNSEEN TEXT:
Kyffin Williams was a painter.
Kyffin Williams PERSON Q6450928

Right: 3326
Wrong: 0
Passed: 0
Average of 80.86554826160953%