20869
6542
Data output
<spacy.tokens._serialize.DocBin object at 0x000001BB0B85E2B0>

=================================== train ===================================
Running command: 'c:\users\mij\anaconda3\python.exe' -m spacy train configs/nel.cfg --output training --paths.train corpus/train.spacy --paths.dev corpus/dev.spacy --paths.kb temp/my_kb --paths.base_nlp temp/my_nlp -c scripts/custom_functions.py
ℹ Saving to output directory: training
ℹ Using CPU

=========================== Initializing pipeline ===========================
[2022-02-09 14:42:29,788] [INFO] Set up nlp object from config
[2022-02-09 14:42:29,796] [INFO] Pipeline: ['sentencizer', 'entity_ruler', 'ner', 'entity_linker']
[2022-02-09 14:42:29,796] [INFO] Resuming training for: ['entity_ruler']
[2022-02-09 14:42:29,800] [INFO] Created vocabulary
[2022-02-09 14:42:31,619] [INFO] Added vectors: temp/my_nlp
[2022-02-09 14:42:33,788] [INFO] Finished initializing nlp object
[2022-02-09 14:42:45,664] [INFO] Initialized pipeline components: ['entity_linker']
✔ Initialized pipeline

============================= Training pipeline =============================
ℹ Pipeline: ['sentencizer', 'entity_ruler', 'ner', 'entity_linker']
ℹ Frozen components: ['sentencizer', 'ner']
ℹ Initial learn rate: 0.001
E    #       LOSS ENTIT...  SENTS_F  SENTS_P  SENTS_R  ENTS_F  ENTS_P  ENTS_R  NEL_MICRO_F  NEL_MICRO_R  NEL_MICRO_P  SCORE
---  ------  -------------  -------  -------  -------  ------  ------  ------  -----------  -----------  -----------  ------
  0       0           2.01    24.70    16.89    45.92    0.00    0.00    0.00        93.56        93.56        93.56    0.39
  0     200         116.03    24.70    16.89    45.92    0.00    0.00    0.00        93.56        93.56        93.56    0.39
  0     400         101.63    24.70    16.89    45.92    0.00    0.00    0.00        93.56        93.56        93.56    0.39
  0     600         105.55    24.70    16.89    45.92    0.00    0.00    0.00        93.56        93.56        93.56    0.39
  0     800         107.93    24.70    16.89    45.92    0.00    0.00    0.00        93.56        93.56        93.56    0.39
  0    1000         114.78    24.70    16.89    45.92    0.00    0.00    0.00        93.56        93.56        93.56    0.39
  0    1200         124.44    24.70    16.89    45.92    0.00    0.00    0.00        93.56        93.56        93.56    0.39
  0    1400         130.33    24.70    16.89    45.92    0.00    0.00    0.00        93.56        93.56        93.56    0.39
  0    1600         129.87    24.70    16.89    45.92    0.00    0.00    0.00        93.56        93.56        93.56    0.39
  0    1800         137.71    24.70    16.89    45.92    0.00    0.00    0.00        93.56        93.56        93.56    0.39
  0    2000         135.26    24.70    16.89    45.92    0.00    0.00    0.00        93.56        93.56        93.56    0.39
  0    2200         131.81    24.70    16.89    45.92    0.00    0.00    0.00        93.56        93.56        93.56    0.39
  0    2400         124.82    24.70    16.89    45.92    0.00    0.00    0.00        93.56        93.56        93.56    0.39
  0    2600         119.56    24.70    16.89    45.92    0.00    0.00    0.00        93.56        93.56        93.56    0.39
  0    2800         117.30    24.70    16.89    45.92    0.00    0.00    0.00        93.56        93.56        93.56    0.39
  0    3000         117.34    24.70    16.89    45.92    0.00    0.00    0.00        93.56        93.56        93.56    0.39
  1    3200         110.30    24.70    16.89    45.92    0.00    0.00    0.00        93.56        93.56        93.56    0.39
  1    3400         112.26    24.70    16.89    45.92    0.00    0.00    0.00        93.56        93.56        93.56    0.39
  1    3600         109.25    24.70    16.89    45.92    0.00    0.00    0.00        93.56        93.56        93.56    0.39
  1    3800         108.03    24.70    16.89    45.92    0.00    0.00    0.00        93.56        93.56        93.56    0.39
  1    4000         107.17    24.70    16.89    45.92    0.00    0.00    0.00        93.56        93.56        93.56    0.39
  1    4200         108.15    24.70    16.89    45.92    0.00    0.00    0.00        93.56        93.56        93.56    0.39
  1    4400         104.57    24.70    16.89    45.92    0.00    0.00    0.00        93.56        93.56        93.56    0.39
  1    4600         105.26    24.70    16.89    45.92    0.00    0.00    0.00        93.56        93.56        93.56    0.39
  2    4800         105.33    24.70    16.89    45.92    0.00    0.00    0.00        93.56        93.56        93.56    0.39
  2    5000          98.28    24.70    16.89    45.92    0.00    0.00    0.00        93.56        93.56        93.56    0.39
  2    5200          98.23    24.70    16.89    45.92    0.00    0.00    0.00        93.56        93.56        93.56    0.39
  2    5400          98.44    24.70    16.89    45.92    0.00    0.00    0.00        93.56        93.56        93.56    0.39
  2    5600          97.92    24.70    16.89    45.92    0.00    0.00    0.00        93.56        93.56        93.56    0.39
  2    5800          97.68    24.70    16.89    45.92    0.00    0.00    0.00        93.56        93.56        93.56    0.39
  2    6000         100.54    24.70    16.89    45.92    0.00    0.00    0.00        93.56        93.56        93.56    0.39
  2    6200          99.09    24.70    16.89    45.92    0.00    0.00    0.00        93.56        93.56        93.56    0.39
  3    6400          95.02    24.70    16.89    45.92    0.00    0.00    0.00        93.56        93.56        93.56    0.39
  3    6600          91.63    24.70    16.89    45.92    0.00    0.00    0.00        93.56        93.56        93.56    0.39
  3    6800          92.29    24.70    16.89    45.92    0.00    0.00    0.00        93.56        93.56        93.56    0.39
  3    7000          92.84    24.70    16.89    45.92    0.00    0.00    0.00        93.56        93.56        93.56    0.39
  3    7200          93.79    24.70    16.89    45.92    0.00    0.00    0.00        93.56        93.56        93.56    0.39
  3    7400          90.36    24.70    16.89    45.92    0.00    0.00    0.00        93.56        93.56        93.56    0.39
  3    7600          90.56    24.70    16.89    45.92    0.00    0.00    0.00        93.56        93.56        93.56    0.39
  3    7800          92.93    24.70    16.89    45.92    0.00    0.00    0.00        93.56        93.56        93.56    0.39
  4    8000          87.77    24.70    16.89    45.92    0.00    0.00    0.00        93.56        93.56        93.56    0.39
  4    8200          87.23    24.70    16.89    45.92    0.00    0.00    0.00        93.56        93.56        93.56    0.39
  4    8400          85.18    24.70    16.89    45.92    0.00    0.00    0.00        93.56        93.56        93.56    0.39
  4    8600          86.48    24.70    16.89    45.92    0.00    0.00    0.00        93.56        93.56        93.56    0.39
  4    8800          85.56    24.70    16.89    45.92    0.00    0.00    0.00        93.56        93.56        93.56    0.39
  4    9000          86.02    24.70    16.89    45.92    0.00    0.00    0.00        93.56        93.56        93.56    0.39
  4    9200          88.66    24.70    16.89    45.92    0.00    0.00    0.00        93.56        93.56        93.56    0.39
  4    9400          90.37    24.70    16.89    45.92    0.00    0.00    0.00        93.56        93.56        93.56    0.39
  5    9600          86.04    24.70    16.89    45.92    0.00    0.00    0.00        93.56        93.56        93.56    0.39
  5    9800          85.35    24.70    16.89    45.92    0.00    0.00    0.00        93.56        93.56        93.56    0.39
  5   10000          83.93    24.70    16.89    45.92    0.00    0.00    0.00        93.56        93.56        93.56    0.39
✔ Saved pipeline to output directory
training\model-last

================================== evaluate ==================================
Running command: 'c:\users\mij\anaconda3\python.exe' ./scripts/evaluate.py ./training/model-best/ corpus/dev.spacy

RESULTS ON THE DEV SET:
Number of items: 6542

RUNNING THE PIPELINE ON UNSEEN TEXT:
Kyffin Williams was a painter.
Kyffin Williams PERSON Q6450928

Right: 5267
Wrong: 0
Passed: 0
Average of 80.510547233262%